2
6
8
10
12
36
39
40
41
42
43
44
45
46
47
48
50
52
53
54
56
58
60
62
64
66
68
70
72
91
93
95
97
99
101
103
105
107
109
111
113
115
117
119
121
123
125
127
129
131
133
135
137
139
141
143
145
147
149
151
153
155
157
159
161
163
165
167
169
171
173
175
177
179
181
183
185
189
191
193
195
197
199
201
203
205
207
209
211
213
215
217
219
221
223
225
227
229
231
233
235
237
239
241
243
245
247
249
251
253
255
257
259
261
263
265
267
269
288
299
301
303
305
307
309
311
313
314
315
317
319
321
325
327
329
331
333
335
339
341
345
347
349
351
353
355
359
361
363
365
371
373
377
379
383
385
389
391
395
397
401
403
405
407
411
413
426
428
434
436
438
440
442
444
447
449
451
453
464
526
528
530
532
534
536
538
540
542
544
550
554
555
556
557
558
559
560
561
562
563
564
565
566
567
569
571
573
575
577
579
581
590
592
596
598
600
626
628
630
632
634
636
638
640
642
644
646
648
650
652
654
656
658
660
662
664
753
800
801
802
803
804
805
806
807
808
809
810
811
819
820
821
822
823
824
825
826
827
828
829
830
837
839
841
843
845
847
849
851
853
855
857
859
861
863
864
865
866
867
868
869
877
879
880
881
882
884
886
888
890
892
942
946
948
950
952
954
958
960
962
970
973
975
981
983
985
987
989
991
993
1005
1007
1009
1011
1013
1015
1017
1019
1021
1023
1025
1027
1029
1031
1033
1035
1038
1040
1042
1044
1046
1048
1050
1053
1055
1057
1059
1061
1063
1065
1067
1075
1077
1081
1087
1089
1095
1097
1099
1101
1103
1107
1115
1117
1125
1129
1131
1133
1135
1137
1139
1149
1151
1153
1155
1165
1167
1169
1171
1173
1175
1179
1187
1189
1191
1195
1203
1205
1215
1217
1237
1239
1241
1243
1245
1247
1249
1265
1267
1277
1279
1283
1291
1293
1297
1305
1307
1309
1313
1321
1323
1327
1335
1337
1341
1349
1351
1353
1355
1357
1359
1361
1363
1367
1375
1377
1379
1381
1383
1385
1387
1389
1391
1393
1395
1397
1399
1401
1403
1405
1407
1420
1422
1426
1434
1436
1438
1440
1442
1444
1446
1448
1450
1452
1454
1456
1458
1460
1462
1464
1470
1472
1474
1476
1478
1511
1513
1515
1517
1519
1521
1523
1539
1540
1550
1592
1595
1597
1599
1601
1603
1605
1607
1609
1611
1613
1615
1617
1619
1621
1623
1625
1627
1629
1631
1635
1637
1639
1641
1643
1645
1654
1656
1658
1660
1662
1664
1673
1675
1677
1679
1681
1683
1692
1694
1696
1698
1700
1702
1704
1712
1714
1716
1718
1720
1722
1724
1725
1727
1729
1731
1733
1734
1735
1737
1739
1741
1743
1745
1747
1749
1751
1753
1755
1757
1759
1761
1763
1765
1767
1769
1771
1773
1775
1777
1779
1781
1783
1785
1787
1789
1791
1793
1794
1823
1831
1833
1835
1837
1859
1861
1863
1865
1869
1871
1875
1881
1883
1885
1887
1889
1891
1893
1895
1897
1899
1901
1905
1907
1909
1911
1913
1915
1917
1919
1921
1923
1925
1927
1929
1931
1933
1935
1937
1939
1940
1941
1942
1944
1947
1949
1951
1953
1955
1957
1959
1961
1963
1965
1971
1973
1975
1978
1980
1982
1985
1987
1989
1993
1997
2001
2003
2007
2009
2011
2015
2017
2019
2021
2028
2030
2032
2034
2036
2038
2040
2048
2054
2064
2074
2080
2084
2092
2102
2104
2106
2108
2110
2112
2114
2116
2118
2120
2122
2124
2126
2128
2130
2132
2134
2136
2138
2140
2142
2150
2152
2162
2169
2171
2185
2187
2191
2195
2202
2205
2209
2213
2217
2219
2221
2223
2225
2227
2229
2231
2233
2235
2237
2239
2241
2243
2253
2255
2259
2277
2281
2283
2285
2287
2289
2291
2293
2295
2297
2299
2301
2303
2307
2309
2313
2315
2317
2319
2321
2323
2325
2327
2331
2333
2335
2337
2341
2343
2347
2349
2351
2353
2355
2357
2359
2361
2363
2366
2368
2370
2391
2428
2430
2432
2434
2436
2438
2440
2442
2444
2446
2448
2450
2452
2454
2456
2458
2460
2462
2464
2466
2468
2470
2472
2474
2476
2481
2483
2485
2487
2489
2491
2493
2495
2497
2499
2501
2503
2505
2507
2509
2532
2533
2534
2535
2536
2537
2538
2539
2540
2541
2550
2552
2566
2568
2570
2572
2577
2579
2581
2583
2585
2587
2589
2591
2593
2595
2597
2599
2601
2603
2605
2607
2609
2611
2613
2615
2617
2619
2621
2623
2625
2627
2629
2631
2633
2635
2637
2639
2641
2643
2645
2647
2649
2651
2653
2655
2657
2659
2661
2663
2665
2667
2669
2671
2673
2675
2859
2861
2862
2864
2865
2866
2876
2878
2890
2894
2896
2898
2900
2902
2904
2906
2908
2910
2912
2914
2916
2918
2920
2922
2924
2926
2928
2930
2932
2934
2936
2938
2940
2942
2955
2961
2970
2972
2974
2976
2997
2998
3000
3002
3004
3008
3010
3012
3014
3016
3018
3020
3022
3024
3026
3028
3030
3032
3034
3036
3038
3040
3042
3044
3046
3049
3051
3053
3054
3093
3095
3096
3098
3105
3122
3123
3125
3138
3140
3142
3144
3157
3162
3183
3188
3190
3192
3194
3196
3198
3200
3202
3204
3211
3216
3224
3226
3228
3239
3325
3327
3329
3331
3333
3335
3337
3339
3341
3343
3345
3347
3349
3351
3353
3355
3357
3359
3361
3363
3365
3367
3369
3371
3373
3377
3379
3381
3385
3387
3389
3391
3393
3396
3398
3400
3402
3404
3420
3422
3424
3426
3428
3430
3432
3434
3436
3438
3440
3442
3444
3446
3448
3470
3472
3473
3474
3475
3476
3477
3478
3479
3480
3481
3483
3485
3486
3488
3749
3751
3753
3755
3759
3761
3763
3765
3767
3769
3771
3773
3775
3777
3779
3781
3783
3785
3787
3789
3791
3793
3795
3797
3799
3801
3803
3827
3828
3829
3830
3831
3832
3833
3834
3835
3836
3837
3838
3853
3867
4087
4089
4091
4093
4095
4097
4099
4101
4103
4105
4107
4109
4111
4113
4115
4117
4119
4121
4125
4151
4153
4156
4161
4162
4164
4166
4168
4170
4287
4289
4291
4293
4298
4300
4302
4304
4306
4308
4310
4315
4317
4319
4321
4323
4325
4327
4329
4331
4333
4335
4337
4339
4341
4343
4345
4347
4349
4351
4353
4355
4357
4359
4361
4363
4365
4367
4369
4371
4373
4375
4377
4379
4381
4383
4385
4387
4389
4391
4393
4395
4397
4399
4401
4403
4405
4407
4409
4411
4413
4417
4419
4421
4423
4436
4438
4440
4456
4458
4460
4517
4522
4525
4527
4529
4535
4537
4540
4542
4544
4546
4548
4551
4580
4585
4587
4600
4608
4627
4675
4694
4695
4696
4697
4698
4699
4708
4710
4712
4714
4716
4718
4720
4722
4724
4726
4728
4730
4732
4734
4736
4738
4740
4745
4747
4749
4751
4753
4755
4757
4759
4773
4778
4783
4788
4793
4798
4803
4812
4819
4820
4821
4822
4823
4824
4825
4827
4830
4832
4834
4840
4842
4844
4846
4848
4850
4860
4866
4872
4878
4884
4902
4908
4914
4920
4926
4932
4938
4944
4950
4956
4962
4968
4974
4980
4986
4992
4998
5001
5003
5014
5016
5018
5024
5026
5028
5030
5032
5034
5036
5038
5040
5042
5044
5046
5048
5050
5052
5096
5097
5098
5099
5100
5101
5102
5103
5104
5105
5106
5280
5281
5282
5283
5284
5285
5286
5287
5288
5289
5290
5291
5292
5293
5294
5295
5296
5297
5298
5299
5300
5301
5302
5303
5304
5305
5306
5307
5308
5309
5310
5311
5312
5313
5314
5315
5316
5318
5319
5320
5321
5322
5323
5324
5325
5329
5331
5341
5343
5345
5350
5352
5354
5376
5386
5396
5406
5416
5418
5438
5458
5478
5504
5516
5521
5523
5525
5527
5529
5531
5533
5535
5537
5539
5541
5543
5545
5547
5549
5551
5574
5575
5576
5739
5741
5743
5745
5747
5749
5751
5753
5755
5757
5759
5761
5763
5765
5767
5769
5771
5773
5775
5777
5779
5781
5783
5785
5787
5789
5791
5793
5795
5797
5799
5801
5803
5805
5807
5809
5811
5813
5815
5817
5819
5821
5823
5825
5827
5829
5831
5833
5835
5837
5839
5841
5843
5845
5847
5849
5851
5853
5855
5857
5859
5861
5863
5865
5867
5869
5871
5873
5875
5877
5879
5881
5883
5885
5887
5889
5891
5893
5895
5897
5899
5901
5903
5905
5907
5909
5911
5913
5915
5917
5919
5921
5923
5925
5927
5929
5931
5933
5935
5943
5945
5947
5949
5952
5954
